+----------------+----------------+------+----------------+----------------+
|INPUT A         |INPUT B         |OPCODE|OUTPUT C HIGH   |OUTPUT C LOW    |
+----------------+----------------+------+----------------+----------------+
|0100010000000001|0001001000001000|  1011|      0        |      1          |
|0010000000000010|0001100000000000|  1100|      0        |      0          |
|0000010000000000|0001000000000001|  1010|      0        |      0          |
|0100000000000000|0000010000000000|  1101|      0        |      0          |
|0100000000000111|0000010000000000|  1110|      0        |      1          |
|0100010000000001|0001001000001000|  0100|      1        |      0          |
|0010000000000010|0001100000000000|  0101|      1        |      1          |
|0000010000000000|0001000000000001|  0110|      0        |      0          |
|0100000000000000|0000010000000000|  0111|      0        |      0          |
|0100000000000111|0000010000000000|  1000|      0        |      1          |
|0100010000000001|0001001000001000|  1001|      1        |      0          |
+----------------+----------------+------+-----------------+---------------+
